{
 "cells": [
  {
   "cell_type": "markdown",
   "metadata": {
    "id": "uh3RUF58-fpy"
   },
   "source": [
    "# Imports"
   ]
  },
  {
   "cell_type": "code",
   "execution_count": 1,
   "metadata": {
    "id": "Yl1as_58-eEP"
   },
   "outputs": [],
   "source": [
    "import pandas as pd\n",
    "from sklearn.impute import SimpleImputer\n",
    "import numpy as np\n",
    "from collections import Counter\n",
    "from imblearn.over_sampling import SMOTE\n",
    "from imblearn.over_sampling import RandomOverSampler\n",
    "from imblearn.under_sampling import RandomUnderSampler\n",
    "import matplotlib.pyplot as plt\n",
    "from numpy import where"
   ]
  },
  {
   "cell_type": "markdown",
   "metadata": {
    "id": "yN6cetsn-lxQ"
   },
   "source": [
    "# Preprocessing"
   ]
  },
  {
   "cell_type": "code",
   "execution_count": 2,
   "metadata": {
    "id": "loWnC1YD-mA4"
   },
   "outputs": [
    {
     "name": "stdout",
     "output_type": "stream",
     "text": [
      "\n",
      "#data.describe\n",
      "                1           2           3           4           5           6           7         8         9        10  \\\n",
      "count 234,929.000 234,929.000 146,554.000 146,874.000 147,782.000 141,285.000 143,020.000 9,927.000 9,926.000 5,847.000   \n",
      "mean        0.576      65.319      65.213     116.401      97.710      20.745      36.999     0.042     0.388   131.350   \n",
      "std         0.494      14.277      15.071      30.241      32.837       5.219      10.271     0.103     1.031   104.768   \n",
      "min         0.000      20.000       0.000       0.000       0.000       0.000       0.000     0.000     0.000     0.100   \n",
      "25%         0.000      57.000      56.000     101.000      82.000      18.000      36.400     0.010     0.100    46.040   \n",
      "50%         1.000      67.000      65.000     114.000      96.000      20.000      36.900     0.020     0.200   109.600   \n",
      "75%         1.000      76.000      74.000     130.000     112.000      24.000      37.400     0.040     0.400   194.100   \n",
      "max         1.000      99.000     802.000   7,652.000   9,118.000     202.000   3,739.000     4.480    50.000   580.800   \n",
      "\n",
      "             11        12        13        14         15         16        17        18        19        20         21  \\\n",
      "count 9,108.000 9,108.000 9,927.000 9,927.000 11,143.000 11,145.000 8,257.000 8,258.000 9,930.000 9,930.000 11,145.000   \n",
      "mean      9.664    11.649     0.104     1.127     29.459      9.852     0.154     1.572     0.761    11.593     31.152   \n",
      "std      14.006    14.702     0.247     2.355      6.095      1.998     0.174     1.604     0.713    15.429      3.513   \n",
      "min       0.000     0.000     0.000     0.000      3.600      1.000     0.000     0.000     0.000     0.000     16.400   \n",
      "25%       1.375     2.800     0.010     0.100     25.200      8.400     0.050     0.600     0.310     3.400     29.800   \n",
      "50%       3.800     5.700     0.040     0.400     28.800      9.600     0.110     1.100     0.580     6.400     31.000   \n",
      "75%      11.500    14.000     0.110     1.100     33.100     11.100     0.190     2.000     1.000    12.300     32.400   \n",
      "max      91.700    92.000     7.890    51.500     64.200     21.200     3.960    29.200    12.840   100.000    304.400   \n",
      "\n",
      "              22         23        24        25         26        27        28        29        30      31         32  \\\n",
      "count 11,145.000 11,145.000 9,926.000 9,926.000 10,958.000 9,926.000 9,926.000 9,141.000 2,244.000  41.000 11,145.000   \n",
      "mean      33.543     92.974     0.475     4.558      9.713    10.737    81.105    59.356    12.425 127.512      3.180   \n",
      "std        4.059      7.046     0.475     4.260      1.678     9.154    17.755    11.831     3.018  80.543      0.670   \n",
      "min       25.300     61.900     0.000     0.000      6.200     0.000     0.000    14.500     6.600   5.000      0.180   \n",
      "25%       32.600     88.600     0.180     2.200      8.500     4.360    77.925    52.600    10.300  66.000      2.710   \n",
      "50%       33.500     92.200     0.380     3.600      9.400     8.920    86.900    60.000    11.800 119.000      3.110   \n",
      "75%       34.400     96.800     0.620     5.700     10.700    14.678    92.000    67.300    14.000 147.000      3.590   \n",
      "max      431.300    133.100    11.430   100.000     24.500    78.810   100.000   106.100    24.500 359.000      6.470   \n",
      "\n",
      "              33         34  timestamp(day)  timestamp(hr)    original  \n",
      "count 11,141.000 11,137.000     246,001.000    246,001.000 175,514.000  \n",
      "mean      16.068     12.191          -1.639        -50.068       1.000  \n",
      "std        2.544     10.848           1.592         38.856       0.000  \n",
      "min       11.300      0.000          -5.000       -143.000       1.000  \n",
      "25%       14.300      5.110          -3.000        -79.000       1.000  \n",
      "50%       15.600     10.030          -1.000        -41.000       1.000  \n",
      "75%       17.300     16.350           0.000        -16.000       1.000  \n",
      "max       37.100    164.400           0.000          0.000       1.000  \n",
      "\n",
      "#corr\n",
      "                    1      2      3      4      5      6      7      8      9     10     11     12     13     14     15     16  \\\n",
      "1               1.000  0.014  0.029 -0.001 -0.003  0.046 -0.001  0.006  0.003  0.010  0.046  0.042  0.011  0.032  0.019  0.028   \n",
      "2               0.014  1.000 -0.154  0.055 -0.120 -0.014 -0.008  0.023 -0.048  0.026 -0.020 -0.031  0.052  0.020  0.112  0.083   \n",
      "3               0.029 -0.154  1.000  0.511  0.065 -0.011  0.007    NaN    NaN    NaN    NaN    NaN    NaN    NaN    NaN    NaN   \n",
      "4              -0.001  0.055  0.511  1.000 -0.040  0.004 -0.001 -1.000  1.000    NaN    NaN    NaN    NaN  1.000 -1.000 -1.000   \n",
      "5              -0.003 -0.120  0.065 -0.040  1.000  0.243  0.017  1.000 -1.000    NaN    NaN    NaN    NaN -1.000  1.000  1.000   \n",
      "6               0.046 -0.014 -0.011  0.004  0.243  1.000  0.002 -1.000  1.000    NaN    NaN    NaN    NaN  1.000 -1.000 -1.000   \n",
      "7              -0.001 -0.008  0.007 -0.001  0.017  0.002  1.000    NaN    NaN    NaN    NaN    NaN    NaN    NaN    NaN    NaN   \n",
      "8               0.006  0.023    NaN -1.000  1.000 -1.000    NaN  1.000  0.169  0.085  0.138  0.138  0.172 -0.017  0.083  0.070   \n",
      "9               0.003 -0.048    NaN  1.000 -1.000  1.000    NaN  0.169  1.000  0.042  0.204  0.230  0.010  0.060 -0.018 -0.012   \n",
      "10              0.010  0.026    NaN    NaN    NaN    NaN    NaN  0.085  0.042  1.000  0.233  0.243 -0.026 -0.047 -0.063 -0.049   \n",
      "11              0.046 -0.020    NaN    NaN    NaN    NaN    NaN  0.138  0.204  0.233  1.000  0.954 -0.082 -0.071  0.045  0.051   \n",
      "12              0.042 -0.031    NaN    NaN    NaN    NaN    NaN  0.138  0.230  0.243  0.954  1.000 -0.079 -0.054  0.003  0.013   \n",
      "13              0.011  0.052    NaN    NaN    NaN    NaN    NaN  0.172  0.010 -0.026 -0.082 -0.079  1.000  0.651  0.037  0.028   \n",
      "14              0.032  0.020    NaN  1.000 -1.000  1.000    NaN -0.017  0.060 -0.047 -0.071 -0.054  0.651  1.000 -0.046 -0.049   \n",
      "15              0.019  0.112    NaN -1.000  1.000 -1.000    NaN  0.083 -0.018 -0.063  0.045  0.003  0.037 -0.046  1.000  0.977   \n",
      "16              0.028  0.083    NaN -1.000  1.000 -1.000    NaN  0.070 -0.012 -0.049  0.051  0.013  0.028 -0.049  0.977  1.000   \n",
      "17              0.032  0.009    NaN    NaN    NaN    NaN    NaN  0.372  0.070  0.079 -0.077 -0.029  0.170 -0.006  0.021  0.018   \n",
      "18              0.020 -0.089    NaN    NaN    NaN    NaN    NaN -0.019  0.310  0.048 -0.043  0.052  0.007  0.152 -0.148 -0.131   \n",
      "19             -0.038  0.060    NaN -1.000  1.000 -1.000    NaN  0.231 -0.002 -0.154 -0.187 -0.174  0.246  0.095  0.163  0.134   \n",
      "20             -0.017 -0.142    NaN  1.000 -1.000  1.000    NaN -0.121  0.154 -0.064 -0.101 -0.074 -0.050  0.142 -0.160 -0.145   \n",
      "21              0.031  0.063    NaN -1.000  1.000 -1.000    NaN -0.009  0.016 -0.025  0.060  0.055 -0.021  0.003 -0.006  0.025   \n",
      "22              0.002 -0.058    NaN -1.000  1.000 -1.000    NaN -0.063  0.033  0.064  0.013  0.018 -0.045 -0.011 -0.205 -0.021   \n",
      "23              0.038  0.183    NaN -1.000  1.000 -1.000    NaN  0.028 -0.001 -0.063  0.075  0.059  0.004  0.009  0.110  0.060   \n",
      "24              0.054  0.081    NaN -1.000  1.000 -1.000    NaN  0.292 -0.043 -0.061 -0.119 -0.111  0.136 -0.058  0.095  0.074   \n",
      "25              0.045 -0.069    NaN  1.000 -1.000  1.000    NaN -0.062  0.052 -0.101 -0.103 -0.060 -0.003  0.075 -0.105 -0.099   \n",
      "26              0.028  0.028    NaN -1.000  1.000 -1.000    NaN  0.081  0.025  0.062  0.066  0.077 -0.047 -0.089 -0.170 -0.169   \n",
      "27             -0.001  0.131    NaN -1.000  1.000 -1.000    NaN  0.483 -0.060  0.128 -0.004 -0.031  0.110 -0.179  0.147  0.122   \n",
      "28             -0.002  0.142    NaN -1.000  1.000 -1.000    NaN  0.116 -0.215  0.078  0.113  0.070 -0.046 -0.288  0.175  0.160   \n",
      "29              0.029  0.073    NaN    NaN    NaN    NaN    NaN  0.099  0.028  0.100  0.087  0.094 -0.020 -0.080 -0.022 -0.013   \n",
      "30             -0.062  0.066    NaN    NaN    NaN    NaN    NaN  0.128  0.015  0.070  0.056  0.013  0.038 -0.033 -0.091 -0.089   \n",
      "31             -0.271  0.368    NaN    NaN    NaN    NaN    NaN  0.364 -0.006  0.133 -0.111 -0.120  0.322 -0.080  0.416  0.334   \n",
      "32              0.006  0.043    NaN -1.000  1.000 -1.000    NaN  0.071 -0.018 -0.042  0.017 -0.019  0.033 -0.049  0.933  0.926   \n",
      "33              0.014 -0.022    NaN -1.000  1.000 -1.000    NaN  0.021  0.030 -0.095  0.012  0.026 -0.024 -0.015 -0.282 -0.324   \n",
      "34              0.001  0.119    NaN -1.000  1.000 -1.000    NaN  0.480 -0.057  0.087 -0.007 -0.030  0.151 -0.143  0.134  0.111   \n",
      "timestamp(day) -0.022  0.049 -0.023 -0.091  0.053  0.008  0.007  0.062  0.024  0.112  0.148  0.135 -0.051 -0.058  0.096  0.082   \n",
      "timestamp(hr)  -0.022  0.049 -0.022 -0.092  0.050  0.009  0.006  0.068  0.027  0.114  0.159  0.145 -0.052 -0.059  0.097  0.084   \n",
      "original          NaN    NaN    NaN    NaN    NaN    NaN    NaN    NaN    NaN    NaN    NaN    NaN    NaN    NaN    NaN    NaN   \n",
      "\n",
      "                   17     18     19     20     21     22     23     24     25     26     27     28     29     30     31     32  \\\n",
      "1               0.032  0.020 -0.038 -0.017  0.031  0.002  0.038  0.054  0.045  0.028 -0.001 -0.002  0.029 -0.062 -0.271  0.006   \n",
      "2               0.009 -0.089  0.060 -0.142  0.063 -0.058  0.183  0.081 -0.069  0.028  0.131  0.142  0.073  0.066  0.368  0.043   \n",
      "3                 NaN    NaN    NaN    NaN    NaN    NaN    NaN    NaN    NaN    NaN    NaN    NaN    NaN    NaN    NaN    NaN   \n",
      "4                 NaN    NaN -1.000  1.000 -1.000 -1.000 -1.000 -1.000  1.000 -1.000 -1.000 -1.000    NaN    NaN    NaN -1.000   \n",
      "5                 NaN    NaN  1.000 -1.000  1.000  1.000  1.000  1.000 -1.000  1.000  1.000  1.000    NaN    NaN    NaN  1.000   \n",
      "6                 NaN    NaN -1.000  1.000 -1.000 -1.000 -1.000 -1.000  1.000 -1.000 -1.000 -1.000    NaN    NaN    NaN -1.000   \n",
      "7                 NaN    NaN    NaN    NaN    NaN    NaN    NaN    NaN    NaN    NaN    NaN    NaN    NaN    NaN    NaN    NaN   \n",
      "8               0.372 -0.019  0.231 -0.121 -0.009 -0.063  0.028  0.292 -0.062  0.081  0.483  0.116  0.099  0.128  0.364  0.071   \n",
      "9               0.070  0.310 -0.002  0.154  0.016  0.033 -0.001 -0.043  0.052  0.025 -0.060 -0.215  0.028  0.015 -0.006 -0.018   \n",
      "10              0.079  0.048 -0.154 -0.064 -0.025  0.064 -0.063 -0.061 -0.101  0.062  0.128  0.078  0.100  0.070  0.133 -0.042   \n",
      "11             -0.077 -0.043 -0.187 -0.101  0.060  0.013  0.075 -0.119 -0.103  0.066 -0.004  0.113  0.087  0.056 -0.111  0.017   \n",
      "12             -0.029  0.052 -0.174 -0.074  0.055  0.018  0.059 -0.111 -0.060  0.077 -0.031  0.070  0.094  0.013 -0.120 -0.019   \n",
      "13              0.170  0.007  0.246 -0.050 -0.021 -0.045  0.004  0.136 -0.003 -0.047  0.110 -0.046 -0.020  0.038  0.322  0.033   \n",
      "14             -0.006  0.152  0.095  0.142  0.003 -0.011  0.009 -0.058  0.075 -0.089 -0.179 -0.288 -0.080 -0.033 -0.080 -0.049   \n",
      "15              0.021 -0.148  0.163 -0.160 -0.006 -0.205  0.110  0.095 -0.105 -0.170  0.147  0.175 -0.022 -0.091  0.416  0.933   \n",
      "16              0.018 -0.131  0.134 -0.145  0.025 -0.021  0.060  0.074 -0.099 -0.169  0.122  0.160 -0.013 -0.089  0.334  0.926   \n",
      "17              1.000  0.364  0.445 -0.146 -0.054 -0.027 -0.039  0.611  0.157  0.171  0.404  0.059  0.107  0.040  0.238  0.037   \n",
      "18              0.364  1.000  0.102  0.442 -0.004  0.100 -0.059  0.008  0.411  0.048 -0.312 -0.572 -0.006 -0.014 -0.201 -0.124   \n",
      "19              0.445  0.102  1.000  0.129 -0.055 -0.159  0.036  0.407  0.087 -0.038  0.167 -0.153 -0.056 -0.081  0.492  0.147   \n",
      "20             -0.146  0.442  0.129  1.000  0.008  0.110 -0.052 -0.242  0.152 -0.037 -0.457 -0.952 -0.125 -0.106 -0.374 -0.139   \n",
      "21             -0.054 -0.004 -0.055  0.008  1.000  0.766  0.535 -0.059 -0.017  0.093 -0.073 -0.007  0.057  0.036 -0.078 -0.234   \n",
      "22             -0.027  0.100 -0.159  0.110  0.766  1.000 -0.126 -0.118  0.050  0.072 -0.144 -0.110  0.015  0.014 -0.437 -0.085   \n",
      "23             -0.039 -0.059  0.036 -0.052  0.535 -0.126  1.000  0.007 -0.044  0.050  0.006  0.053  0.067  0.030  0.186 -0.236   \n",
      "24              0.611  0.008  0.407 -0.242 -0.059 -0.118  0.007  1.000  0.286  0.095  0.549  0.155  0.025  0.014  0.524  0.092   \n",
      "25              0.157  0.411  0.087  0.152 -0.017  0.050 -0.044  0.286  1.000  0.051 -0.233 -0.395 -0.068 -0.043 -0.152 -0.090   \n",
      "26              0.171  0.048 -0.038 -0.037  0.093  0.072  0.050  0.095  0.051  1.000  0.081  0.037  0.600  0.749 -0.150 -0.189   \n",
      "27              0.404 -0.312  0.167 -0.457 -0.073 -0.144  0.006  0.549 -0.233  0.081  1.000  0.499  0.104  0.082  0.535  0.142   \n",
      "28              0.059 -0.572 -0.153 -0.952 -0.007 -0.110  0.053  0.155 -0.395  0.037  0.499  1.000  0.130  0.110  0.395  0.155   \n",
      "29              0.107 -0.006 -0.056 -0.125  0.057  0.015  0.067  0.025 -0.068  0.600  0.104  0.130  1.000  0.369 -0.104 -0.046   \n",
      "30              0.040 -0.014 -0.081 -0.106  0.036  0.014  0.030  0.014 -0.043  0.749  0.082  0.110  0.369  1.000 -0.155 -0.095   \n",
      "31              0.238 -0.201  0.492 -0.374 -0.078 -0.437  0.186  0.524 -0.152 -0.150  0.535  0.395 -0.104 -0.155  1.000  0.329   \n",
      "32              0.037 -0.124  0.147 -0.139 -0.234 -0.085 -0.236  0.092 -0.090 -0.189  0.142  0.155 -0.046 -0.095  0.329  1.000   \n",
      "33              0.065  0.051 -0.024 -0.053  0.110  0.016  0.164  0.068  0.029  0.201  0.011  0.035  0.065  0.150 -0.147 -0.316   \n",
      "34              0.444 -0.270  0.248 -0.425 -0.034 -0.050  0.026  0.584 -0.197  0.084  0.965  0.454  0.093  0.096  0.559  0.124   \n",
      "timestamp(day)  0.010 -0.012  0.031  0.001  0.034 -0.017  0.082 -0.001 -0.049 -0.039  0.093  0.017 -0.000 -0.021 -0.036  0.064   \n",
      "timestamp(hr)   0.010 -0.013  0.038  0.004  0.037 -0.016  0.084 -0.003 -0.049 -0.039  0.091  0.015  0.005 -0.032 -0.034  0.065   \n",
      "original          NaN    NaN    NaN    NaN    NaN    NaN    NaN    NaN    NaN    NaN    NaN    NaN    NaN    NaN    NaN    NaN   \n",
      "\n",
      "                   33     34  timestamp(day)  timestamp(hr)  original  \n",
      "1               0.014  0.001          -0.022         -0.022       NaN  \n",
      "2              -0.022  0.119           0.049          0.049       NaN  \n",
      "3                 NaN    NaN          -0.023         -0.022       NaN  \n",
      "4              -1.000 -1.000          -0.091         -0.092       NaN  \n",
      "5               1.000  1.000           0.053          0.050       NaN  \n",
      "6              -1.000 -1.000           0.008          0.009       NaN  \n",
      "7                 NaN    NaN           0.007          0.006       NaN  \n",
      "8               0.021  0.480           0.062          0.068       NaN  \n",
      "9               0.030 -0.057           0.024          0.027       NaN  \n",
      "10             -0.095  0.087           0.112          0.114       NaN  \n",
      "11              0.012 -0.007           0.148          0.159       NaN  \n",
      "12              0.026 -0.030           0.135          0.145       NaN  \n",
      "13             -0.024  0.151          -0.051         -0.052       NaN  \n",
      "14             -0.015 -0.143          -0.058         -0.059       NaN  \n",
      "15             -0.282  0.134           0.096          0.097       NaN  \n",
      "16             -0.324  0.111           0.082          0.084       NaN  \n",
      "17              0.065  0.444           0.010          0.010       NaN  \n",
      "18              0.051 -0.270          -0.012         -0.013       NaN  \n",
      "19             -0.024  0.248           0.031          0.038       NaN  \n",
      "20             -0.053 -0.425           0.001          0.004       NaN  \n",
      "21              0.110 -0.034           0.034          0.037       NaN  \n",
      "22              0.016 -0.050          -0.017         -0.016       NaN  \n",
      "23              0.164  0.026           0.082          0.084       NaN  \n",
      "24              0.068  0.584          -0.001         -0.003       NaN  \n",
      "25              0.029 -0.197          -0.049         -0.049       NaN  \n",
      "26              0.201  0.084          -0.039         -0.039       NaN  \n",
      "27              0.011  0.965           0.093          0.091       NaN  \n",
      "28              0.035  0.454           0.017          0.015       NaN  \n",
      "29              0.065  0.093          -0.000          0.005       NaN  \n",
      "30              0.150  0.096          -0.021         -0.032       NaN  \n",
      "31             -0.147  0.559          -0.036         -0.034       NaN  \n",
      "32             -0.316  0.124           0.064          0.065       NaN  \n",
      "33              1.000  0.027          -0.063         -0.061       NaN  \n",
      "34              0.027  1.000           0.092          0.093       NaN  \n",
      "timestamp(day) -0.063  0.092           1.000          0.984       NaN  \n",
      "timestamp(hr)  -0.061  0.093           0.984          1.000       NaN  \n",
      "original          NaN    NaN             NaN            NaN       NaN  \n"
     ]
    }
   ],
   "source": [
    "pd.set_option('display.max_columns', None)\n",
    "pd.set_option('display.width', 130)\n",
    "pd.options.display.float_format = '{:,.3f}'.format\n",
    "\n",
    "###1. read data\n",
    "data = pd.read_csv('train.csv')\n",
    "data_test = pd.read_csv('test.csv')\n",
    "\n",
    "print('\\n#data.describe')\n",
    "print(data.describe())\n",
    "print('\\n#corr')\n",
    "print(data.corr())"
   ]
  },
  {
   "cell_type": "code",
   "execution_count": 3,
   "metadata": {},
   "outputs": [
    {
     "name": "stdout",
     "output_type": "stream",
     "text": [
      "\n",
      "#patient count\n",
      "4156\n"
     ]
    }
   ],
   "source": [
    "###2. patient’s count \n",
    "d_patient = data.where((data['timestamp(day)'] == 0) & (data['timestamp(hr)'] == 0))\n",
    "print('\\n#patient count')\n",
    "print(d_patient['timestamp(day)'].count()) #4156"
   ]
  },
  {
   "cell_type": "code",
   "execution_count": 4,
   "metadata": {},
   "outputs": [],
   "source": [
    "###3. original 결측치(nan) 제거 \n",
    "data = data.dropna(subset=['original'], how='any', axis=0)\n",
    "data_test = data_test.dropna(subset=['original'], how='any', axis=0)"
   ]
  },
  {
   "cell_type": "code",
   "execution_count": 5,
   "metadata": {},
   "outputs": [],
   "source": [
    "###4. imputation \n",
    "#ref from https://www.kaggle.com/code/inversion/get-started-with-mean-imputation\n",
    "\n",
    "imp = SimpleImputer(missing_values=np.nan, strategy='most_frequent')\n",
    "data[:] = imp.fit_transform(data)\n",
    "data_test[:] = imp.fit_transform(data_test)\n"
   ]
  },
  {
   "cell_type": "code",
   "execution_count": 6,
   "metadata": {},
   "outputs": [],
   "source": [
    "###5. replace -4,-5 => -3\n",
    "data = data.replace(-5, -3)\n",
    "data = data.replace(-4, -3)\n",
    "\n",
    "data_test = data_test.replace(-5, -3)\n",
    "data_test = data_test.replace(-4, -3)"
   ]
  },
  {
   "cell_type": "code",
   "execution_count": 7,
   "metadata": {},
   "outputs": [],
   "source": [
    "###6. data balancing: under_sampling\n",
    "#ref from: https://medium.com/grabngoinfo/four-oversampling-and-under-sampling-methods-for-imbalanced-classification-using-python-7304aedf9037\n",
    "\n",
    "#define dataset for data balancing(under_sampling)\n",
    "x = data.iloc[:, [0,1,2,3,4,5,6,7,8,9,10,11,12,13,14,15,16,17,18,19,20,\n",
    "    21,22,23,24,25,26,27,28,29,30,31,32,33,34,35,36]] \n",
    "y = data['timestamp(day)'] #index=34\n",
    "\n",
    "rus = RandomUnderSampler(random_state=42)\n",
    "x, y = rus.fit_resample(x, y)\n",
    "\n",
    "#test data balancing: under_sampling\n",
    "x_test = data_test.iloc[:, [0,1,2,3,4,5,6,7,8,9,10,11,12,13,14,15,16,17,18,19,20,\n",
    "    21,22,23,24,25,26,27,28,29,30,31,32,33,34,35,36]] \n",
    "y_test = data_test['timestamp(day)']\n",
    "\n",
    "rus = RandomUnderSampler(random_state=42)\n",
    "x_test, y_test = rus.fit_resample(x_test, y_test)\n",
    "\n"
   ]
  },
  {
   "cell_type": "markdown",
   "metadata": {
    "id": "yGSIpZMc-mb8"
   },
   "source": [
    "# EDA\n"
   ]
  },
  {
   "cell_type": "code",
   "execution_count": 8,
   "metadata": {
    "id": "4kAua9GP-mrt"
   },
   "outputs": [
    {
     "name": "stdout",
     "output_type": "stream",
     "text": [
      "\n",
      "#timestamp(day) mean\n",
      "-1.5\n",
      "\n",
      "#timestamp(day) median\n",
      "-1.5\n",
      "\n",
      "# x.describe\n",
      "                1           2           3           4           5           6           7           8           9          10  \\\n",
      "count 106,192.000 106,192.000 106,192.000 106,192.000 106,192.000 106,192.000 106,192.000 106,192.000 106,192.000 106,192.000   \n",
      "mean        0.606      65.694      64.385     115.615      96.594      20.622      36.976       0.012       0.116       5.075   \n",
      "std         0.489      14.025      13.333      31.168      34.780       4.723       2.564       0.021       0.273      29.862   \n",
      "min         0.000      20.000       0.000       0.000       0.000       0.000       3.700       0.000       0.000       0.200   \n",
      "25%         0.000      58.000      57.000     104.000      85.000      18.000      36.500       0.010       0.100       0.800   \n",
      "50%         1.000      69.000      61.000     110.000      91.000      20.000      37.000       0.010       0.100       0.800   \n",
      "75%         1.000      75.000      72.000     127.000     109.000      22.000      37.300       0.010       0.100       0.800   \n",
      "max         1.000      99.000     694.000   7,652.000   9,118.000     202.000     376.000       3.850      50.000     575.500   \n",
      "\n",
      "               11          12          13          14          15          16          17          18          19          20  \\\n",
      "count 106,192.000 106,192.000 106,192.000 106,192.000 106,192.000 106,192.000 106,192.000 106,192.000 106,192.000 106,192.000   \n",
      "mean        0.490       0.594       0.016       0.160      27.441       9.617       0.064       0.837       0.439       3.488   \n",
      "std         3.773       4.164       0.068       0.612       1.618       0.503       0.041       0.389       0.182       4.190   \n",
      "min         0.000       0.000       0.000       0.000       5.600       2.000       0.000       0.000       0.000       0.000   \n",
      "25%         0.000       0.000       0.010       0.100      27.300       9.600       0.060       0.800       0.420       3.000   \n",
      "50%         0.000       0.000       0.010       0.100      27.300       9.600       0.060       0.800       0.420       3.000   \n",
      "75%         0.000       0.000       0.010       0.100      27.300       9.600       0.060       0.800       0.420       3.000   \n",
      "max        91.700      92.000       7.890      44.600      58.500      19.400       1.760      29.200      12.840     100.000   \n",
      "\n",
      "               21          22          23          24          25          26          27          28          29          30  \\\n",
      "count 106,192.000 106,192.000 106,192.000 106,192.000 106,192.000 106,192.000 106,192.000 106,192.000 106,192.000 106,192.000   \n",
      "mean       30.914      33.503      91.400       0.027       2.241       8.857       0.617      92.510      59.966      12.005   \n",
      "std         1.034       1.277       1.828       0.156       1.219       0.477       3.284       5.084       2.723       0.344   \n",
      "min        16.400      25.300      61.900       0.000       0.000       6.200       0.000       0.000      14.600       7.000   \n",
      "25%        30.900      33.500      91.300       0.000       2.100       8.800       0.010      93.200      60.000      12.000   \n",
      "50%        30.900      33.500      91.300       0.000       2.100       8.800       0.010      93.200      60.000      12.000   \n",
      "75%        30.900      33.500      91.300       0.000       2.100       8.800       0.010      93.200      60.000      12.000   \n",
      "max       304.400     431.300     131.900       7.310     100.000      24.500      74.250     100.000     106.100      24.300   \n",
      "\n",
      "               31          32          33          34  timestamp(day)  timestamp(hr)    original  \n",
      "count 106,192.000 106,192.000 106,192.000 106,192.000     106,192.000    106,192.000 106,192.000  \n",
      "mean       96.006       3.003      14.696       0.786          -1.500        -51.501       1.000  \n",
      "std         1.192       0.175       0.742       4.038           1.118         36.051       0.000  \n",
      "min         5.000       0.180      11.300       0.000          -3.000       -143.000       1.000  \n",
      "25%        96.000       2.990      14.600       0.010          -2.250        -71.250       1.000  \n",
      "50%        96.000       2.990      14.600       0.010          -1.500        -47.500       1.000  \n",
      "75%        96.000       2.990      14.600       0.010          -0.750        -23.750       1.000  \n",
      "max       348.000       6.430      37.100     144.900           0.000          0.000       1.000  \n",
      "\n",
      "# x.corr\n",
      "                    1      2      3      4      5      6      7      8      9     10     11     12     13     14     15     16  \\\n",
      "1               1.000  0.027  0.029 -0.002  0.004  0.037 -0.006 -0.006 -0.002 -0.009  0.000 -0.002 -0.002  0.002 -0.002  0.004   \n",
      "2               0.027  1.000 -0.141  0.040 -0.063 -0.013 -0.019  0.007 -0.014  0.003 -0.002 -0.004  0.012  0.005  0.029  0.024   \n",
      "3               0.029 -0.141  1.000  0.350  0.070 -0.008  0.017 -0.027 -0.019 -0.047 -0.043 -0.047 -0.027 -0.032 -0.029 -0.011   \n",
      "4              -0.002  0.040  0.350  1.000 -0.021  0.009 -0.003 -0.015 -0.011 -0.026 -0.023 -0.026 -0.015 -0.018 -0.016 -0.006   \n",
      "5               0.004 -0.063  0.070 -0.021  1.000  0.132  0.031 -0.015 -0.011 -0.027 -0.025 -0.027 -0.015 -0.018 -0.016 -0.006   \n",
      "6               0.037 -0.013 -0.008  0.009  0.132  1.000  0.010 -0.011 -0.008 -0.019 -0.017 -0.019 -0.011 -0.013 -0.011 -0.004   \n",
      "7              -0.006 -0.019  0.017 -0.003  0.031  0.010  1.000  0.001  0.001  0.001  0.001  0.001  0.001  0.001  0.001  0.000   \n",
      "8              -0.006  0.007 -0.027 -0.015 -0.015 -0.011  0.001  1.000  0.205  0.220  0.257  0.256  0.252  0.118  0.208  0.137   \n",
      "9              -0.002 -0.014 -0.019 -0.011 -0.011 -0.008  0.001  0.205  1.000  0.143  0.174  0.181  0.085  0.147  0.070  0.030   \n",
      "10             -0.009  0.003 -0.047 -0.026 -0.027 -0.019  0.001  0.220  0.143  1.000  0.345  0.370  0.161  0.188  0.181  0.072   \n",
      "11              0.000 -0.002 -0.043 -0.023 -0.025 -0.017  0.001  0.257  0.174  0.345  1.000  0.967  0.105  0.144  0.229  0.130   \n",
      "12             -0.002 -0.004 -0.047 -0.026 -0.027 -0.019  0.001  0.256  0.181  0.370  0.967  1.000  0.120  0.166  0.219  0.109   \n",
      "13             -0.002  0.012 -0.027 -0.015 -0.015 -0.011  0.001  0.252  0.085  0.161  0.105  0.120  1.000  0.718  0.154  0.082   \n",
      "14              0.002  0.005 -0.032 -0.018 -0.018 -0.013  0.001  0.118  0.147  0.188  0.144  0.166  0.718  1.000  0.110  0.026   \n",
      "15             -0.002  0.029 -0.029 -0.016 -0.016 -0.011  0.001  0.208  0.070  0.181  0.229  0.219  0.154  0.110  1.000  0.956   \n",
      "16              0.004  0.024 -0.011 -0.006 -0.006 -0.004  0.000  0.137  0.030  0.072  0.130  0.109  0.082  0.026  0.956  1.000   \n",
      "17              0.000  0.007 -0.036 -0.020 -0.021 -0.015  0.001  0.485  0.125  0.248  0.192  0.234  0.292  0.184  0.222  0.131   \n",
      "18              0.000 -0.014 -0.031 -0.017 -0.018 -0.013  0.001  0.117  0.209  0.227  0.184  0.256  0.145  0.274  0.064 -0.005   \n",
      "19             -0.016  0.013 -0.035 -0.019 -0.020 -0.014  0.001  0.315  0.087  0.173  0.073  0.097  0.365  0.266  0.309  0.208   \n",
      "20             -0.011 -0.036 -0.038 -0.021 -0.022 -0.015  0.001  0.036  0.241  0.232  0.135  0.160  0.121  0.295  0.043 -0.041   \n",
      "21              0.005  0.015 -0.004 -0.002 -0.002 -0.002  0.000  0.002  0.015  0.009  0.078  0.077  0.003  0.011  0.011  0.022   \n",
      "22             -0.001 -0.013 -0.001 -0.000 -0.000 -0.000  0.000 -0.020  0.009  0.002  0.006  0.008 -0.016 -0.010 -0.060 -0.027   \n",
      "23              0.006  0.048 -0.018 -0.010 -0.010 -0.007  0.001  0.084  0.038  0.086  0.191  0.193  0.076  0.087  0.176  0.092   \n",
      "24             -0.001  0.015 -0.057 -0.031 -0.033 -0.023  0.002  0.446  0.136  0.341  0.247  0.269  0.317  0.242  0.331  0.182   \n",
      "25              0.002 -0.016 -0.038 -0.021 -0.022 -0.015  0.001  0.100  0.128  0.215  0.132  0.161  0.150  0.241  0.089 -0.001   \n",
      "26             -0.002  0.004 -0.040 -0.022 -0.023 -0.016  0.001  0.189  0.116  0.266  0.206  0.233  0.097  0.089  0.016 -0.087   \n",
      "27             -0.014  0.022 -0.061 -0.033 -0.035 -0.024  0.002  0.564  0.138  0.426  0.344  0.350  0.308  0.190  0.363  0.207   \n",
      "28              0.008  0.034  0.045  0.024  0.026  0.018 -0.001 -0.073 -0.301 -0.268 -0.167 -0.202 -0.226 -0.434 -0.067  0.033   \n",
      "29              0.004  0.016  0.004  0.002  0.002  0.002 -0.000  0.069 -0.005  0.005  0.034  0.036 -0.040 -0.089 -0.036 -0.023   \n",
      "30             -0.007  0.005 -0.005 -0.003 -0.003 -0.002  0.000  0.042  0.033  0.060  0.023  0.019  0.022 -0.001 -0.023 -0.035   \n",
      "31             -0.004  0.001 -0.002 -0.001 -0.001 -0.001  0.000  0.005  0.007  0.030 -0.001 -0.001 -0.002 -0.005  0.029  0.023   \n",
      "32             -0.004  0.011 -0.024 -0.013 -0.014 -0.010  0.001  0.182  0.060  0.162  0.169  0.159  0.130  0.084  0.932  0.912   \n",
      "33             -0.007 -0.009 -0.042 -0.023 -0.024 -0.017  0.001  0.165  0.123  0.199  0.255  0.289  0.129  0.157 -0.060 -0.213   \n",
      "34             -0.012  0.017 -0.063 -0.035 -0.036 -0.025  0.002  0.511  0.131  0.426  0.372  0.401  0.309  0.202  0.336  0.174   \n",
      "timestamp(day)  0.008  0.053 -0.016 -0.061  0.041  0.008  0.011  0.009 -0.000  0.019  0.026  0.022 -0.010 -0.013  0.018  0.017   \n",
      "timestamp(hr)   0.006  0.054 -0.013 -0.064  0.043  0.011  0.013  0.008 -0.000  0.018  0.024  0.021 -0.012 -0.015  0.017  0.017   \n",
      "original          NaN    NaN    NaN    NaN    NaN    NaN    NaN    NaN    NaN    NaN    NaN    NaN    NaN    NaN    NaN    NaN   \n",
      "\n",
      "                   17     18     19     20     21     22     23     24     25     26     27     28     29     30     31     32  \\\n",
      "1               0.000  0.000 -0.016 -0.011  0.005 -0.001  0.006 -0.001  0.002 -0.002 -0.014  0.008  0.004 -0.007 -0.004 -0.004   \n",
      "2               0.007 -0.014  0.013 -0.036  0.015 -0.013  0.048  0.015 -0.016  0.004  0.022  0.034  0.016  0.005  0.001  0.011   \n",
      "3              -0.036 -0.031 -0.035 -0.038 -0.004 -0.001 -0.018 -0.057 -0.038 -0.040 -0.061  0.045  0.004 -0.005 -0.002 -0.024   \n",
      "4              -0.020 -0.017 -0.019 -0.021 -0.002 -0.000 -0.010 -0.031 -0.021 -0.022 -0.033  0.024  0.002 -0.003 -0.001 -0.013   \n",
      "5              -0.021 -0.018 -0.020 -0.022 -0.002 -0.000 -0.010 -0.033 -0.022 -0.023 -0.035  0.026  0.002 -0.003 -0.001 -0.014   \n",
      "6              -0.015 -0.013 -0.014 -0.015 -0.002 -0.000 -0.007 -0.023 -0.015 -0.016 -0.024  0.018  0.002 -0.002 -0.001 -0.010   \n",
      "7               0.001  0.001  0.001  0.001  0.000  0.000  0.001  0.002  0.001  0.001  0.002 -0.001 -0.000  0.000  0.000  0.001   \n",
      "8               0.485  0.117  0.315  0.036  0.002 -0.020  0.084  0.446  0.100  0.189  0.564 -0.073  0.069  0.042  0.005  0.182   \n",
      "9               0.125  0.209  0.087  0.241  0.015  0.009  0.038  0.136  0.128  0.116  0.138 -0.301 -0.005  0.033  0.007  0.060   \n",
      "10              0.248  0.227  0.173  0.232  0.009  0.002  0.086  0.341  0.215  0.266  0.426 -0.268  0.005  0.060  0.030  0.162   \n",
      "11              0.192  0.184  0.073  0.135  0.078  0.006  0.191  0.247  0.132  0.206  0.344 -0.167  0.034  0.023 -0.001  0.169   \n",
      "12              0.234  0.256  0.097  0.160  0.077  0.008  0.193  0.269  0.161  0.233  0.350 -0.202  0.036  0.019 -0.001  0.159   \n",
      "13              0.292  0.145  0.365  0.121  0.003 -0.016  0.076  0.317  0.150  0.097  0.308 -0.226 -0.040  0.022 -0.002  0.130   \n",
      "14              0.184  0.274  0.266  0.295  0.011 -0.010  0.087  0.242  0.241  0.089  0.190 -0.434 -0.089 -0.001 -0.005  0.084   \n",
      "15              0.222  0.064  0.309  0.043  0.011 -0.060  0.176  0.331  0.089  0.016  0.363 -0.067 -0.036 -0.023  0.029  0.932   \n",
      "16              0.131 -0.005  0.208 -0.041  0.022 -0.027  0.092  0.182 -0.001 -0.087  0.207  0.033 -0.023 -0.035  0.023  0.912   \n",
      "17              1.000  0.467  0.460  0.079 -0.002 -0.018  0.088  0.611  0.240  0.247  0.565 -0.173  0.050  0.018  0.006  0.201   \n",
      "18              0.467  1.000  0.204  0.423  0.023  0.015  0.061  0.260  0.351  0.154  0.138 -0.534 -0.043  0.001 -0.006  0.050   \n",
      "19              0.460  0.204  1.000  0.299 -0.018 -0.045  0.110  0.561  0.260  0.138  0.423 -0.345 -0.073 -0.009  0.017  0.277   \n",
      "20              0.079  0.423  0.299  1.000  0.021  0.027  0.047  0.179  0.324  0.155  0.094 -0.956 -0.116 -0.015 -0.004  0.036   \n",
      "21             -0.002  0.023 -0.018  0.021  1.000  0.830  0.455  0.002  0.013  0.111  0.003 -0.024  0.040  0.007  0.004 -0.200   \n",
      "22             -0.018  0.015 -0.045  0.027  0.830  1.000 -0.106 -0.032  0.009  0.080 -0.033 -0.024  0.007  0.006 -0.004 -0.085   \n",
      "23              0.088  0.061  0.110  0.047  0.455 -0.106  1.000  0.153  0.066  0.134  0.162 -0.066  0.050  0.010  0.017 -0.167   \n",
      "24              0.611  0.260  0.561  0.179  0.002 -0.032  0.153  1.000  0.494  0.328  0.793 -0.293 -0.035  0.048  0.025  0.290   \n",
      "25              0.240  0.351  0.260  0.324  0.013  0.009  0.066  0.494  1.000  0.220  0.225 -0.546 -0.068  0.023  0.013  0.072   \n",
      "26              0.247  0.154  0.138  0.155  0.111  0.080  0.134  0.328  0.220  1.000  0.342 -0.189  0.469  0.284 -0.001 -0.028   \n",
      "27              0.565  0.138  0.423  0.094  0.003 -0.033  0.162  0.793  0.225  0.342  1.000 -0.143  0.013  0.052  0.011  0.319   \n",
      "28             -0.173 -0.534 -0.345 -0.956 -0.024 -0.024 -0.066 -0.293 -0.546 -0.189 -0.143  1.000  0.124  0.007  0.002 -0.054   \n",
      "29              0.050 -0.043 -0.073 -0.116  0.040  0.007  0.050 -0.035 -0.068  0.469  0.013  0.124  1.000  0.033 -0.006 -0.056   \n",
      "30              0.018  0.001 -0.009 -0.015  0.007  0.006  0.010  0.048  0.023  0.284  0.052  0.007  0.033  1.000 -0.010 -0.025   \n",
      "31              0.006 -0.006  0.017 -0.004  0.004 -0.004  0.017  0.025  0.013 -0.001  0.011  0.002 -0.006 -0.010  1.000  0.022   \n",
      "32              0.201  0.050  0.277  0.036 -0.200 -0.085 -0.167  0.290  0.072 -0.028  0.319 -0.054 -0.056 -0.025  0.022  1.000   \n",
      "33              0.250  0.208  0.164  0.162  0.135  0.048  0.239  0.349  0.222  0.373  0.338 -0.210  0.035  0.069  0.007 -0.122   \n",
      "34              0.534  0.149  0.433  0.111  0.016 -0.023  0.171  0.740  0.230  0.383  0.897 -0.162  0.018  0.071  0.011  0.289   \n",
      "timestamp(day)  0.000 -0.004  0.001 -0.005  0.005 -0.002  0.012 -0.004 -0.012 -0.010  0.007  0.008  0.005 -0.003 -0.003  0.013   \n",
      "timestamp(hr)  -0.001 -0.006 -0.000 -0.008  0.006 -0.002  0.013 -0.010 -0.017 -0.013  0.002  0.013  0.006 -0.005 -0.003  0.012   \n",
      "original          NaN    NaN    NaN    NaN    NaN    NaN    NaN    NaN    NaN    NaN    NaN    NaN    NaN    NaN    NaN    NaN   \n",
      "\n",
      "                   33     34  timestamp(day)  timestamp(hr)  original  \n",
      "1              -0.007 -0.012           0.008          0.006       NaN  \n",
      "2              -0.009  0.017           0.053          0.054       NaN  \n",
      "3              -0.042 -0.063          -0.016         -0.013       NaN  \n",
      "4              -0.023 -0.035          -0.061         -0.064       NaN  \n",
      "5              -0.024 -0.036           0.041          0.043       NaN  \n",
      "6              -0.017 -0.025           0.008          0.011       NaN  \n",
      "7               0.001  0.002           0.011          0.013       NaN  \n",
      "8               0.165  0.511           0.009          0.008       NaN  \n",
      "9               0.123  0.131          -0.000         -0.000       NaN  \n",
      "10              0.199  0.426           0.019          0.018       NaN  \n",
      "11              0.255  0.372           0.026          0.024       NaN  \n",
      "12              0.289  0.401           0.022          0.021       NaN  \n",
      "13              0.129  0.309          -0.010         -0.012       NaN  \n",
      "14              0.157  0.202          -0.013         -0.015       NaN  \n",
      "15             -0.060  0.336           0.018          0.017       NaN  \n",
      "16             -0.213  0.174           0.017          0.017       NaN  \n",
      "17              0.250  0.534           0.000         -0.001       NaN  \n",
      "18              0.208  0.149          -0.004         -0.006       NaN  \n",
